25,4
25,1
25,3
24,1
24,3
27,3
14,5
3,2
3,1
3,3
10,302
10,216
10,160
10,100
10,118
10,6
10,110
10,2
10,3
11,9
11,30
11,10
11,28
11,11
11,2
11,3
9,7
9,2
9,3
8,15
8,13
8,12
8,17
8,10
35,7
35,6
35,5
35,4
35,3
8,8
8,2
8,3
35,2
35,1
35,0
34,5
34,4
34,3
34,2
34,1
34,0
33,82
33,81
33,80
33,79
33,78
33,77
33,76
33,75
33,74
33,73
33,72
33,71
33,70
33,69
33,68
33,67
33,66
33,65
33,64
33,37
33,36
33,35
33,34
33,33
33,32
33,31
33,30
33,29
33,28
33,27
33,26
33,25
33,24
33,23
33,22
33,21
33,20
33,19
33,18
33,17
33,16
33,15
33,14
33,13
33,12
33,11
33,10
33,9
33,8
33,7
33,6
33,5
33,4
33,3
33,2
33,1
33,0
32,4
32,3
32,2
32,1
31,5
31,3
31,1
30,4
30,3
30,1
29,3
